[Camera]
Brightness = 100
ExposureAuto = Off
ExposureTimeAbs = 4
GainAuto = Off
Gain = 120
BalanceWhiteAuto = Off
BalanceRatioRed = 122
BalanceRatioBlue = 157

[Other]
ks = [[1211.6869991000933, 0.0, 678.8505597836245], [0.0, 1211.573489338152, 545.7782967471728], [0.0, 0.0, 1.0]]
poses = [[0.744658006888824, -0.041877154247311754, 0.6661311858249179], [-0.6915348108664614, -0.0017377168897283468, 0.7223410452825578], [-0.02909203996007914, -0.9985499466757857, -0.03025351473768234]]
eye = [[-2.7754746304259172, 1.154205560869776, 1.3123340807402262]]
hmtx = [[-0.001827867324105061, 0.005113760592885988, -3.259196419950103], [0.001792961906793254, -0.001645800594938445, -2.331073664293848], [-6.110715593302183e-05, -0.001872992383342769, 1.0]]
dist = [[-0.4961034640930749, 0.3027911864487634, -0.001403238278729668, 0.001295085436791667, -0.11460521924525857]]
newcameramtx = [[965.3467407226562, 0.0, 659.007905659997], [0.0, 1081.023193359375, 545.1568372892652], [0.0, 0.0, 1.0]]
projection_mat = [[1156.6743904323948, -163.5221483266938, -39.37743801681599, 3139.8786322137476], [331.42797547907014, 409.80158913744214, -1089.965719218592, 1784.7047185572771], [0.6736047863960266, 0.7388837933540344, -0.017532331869006157, 1.0263749361038208]]
extrinsic_mat = [[0.7383497357368469, -0.673801839351654, -0.0288222786039114, 2.551921844482422], [-0.0331096313893795, 0.006469830870628357, -0.999430775642395, 1.1333423852920532], [0.6736047863960266, 0.7388837933540344, -0.017532331869006157, 1.0263749361038208]]

