[Camera]
Brightness = 240
ExposureAuto = Off
ExposureTimeAbs = 5
GainAuto = Off
Gain = 100
BalanceWhiteAuto = Off
BalanceRatioRed = 122
BalanceRatioBlue = 157

[Other]
ks = [[1211.4138473936848, 0.0, 795.366456217179], [0.0, 1210.859740519456, 532.8104912411472], [0.0, 0.0, 1.0]]
poses = [[0.6278276126490971, -0.03432355788481689, 0.7775952560101322], [-0.7994394636809767, -0.030255747728936022, 0.5999842778263738], [0.0029331308111062437, -0.9983270312003367, -0.04643500057263239]]
eye = [[-2.329731820432037, 0.49096969263533863, 1.3388797665617607]]
hmtx = [[-0.001906815577782402, 0.004873657685468638, -3.1893387363562904], [0.0024721376579204574, -0.00044284191995171997, -3.7279405591150683], [6.904065483555653e-06, -0.00208619314352181, 1.0]]
dist = [[-0.4970674480629963, 0.27594020213809484, 0.0015128654582129875, -0.0050400695306563725, -0.08478912396561789]]
newcameramtx = [[956.1754760742188, 0.0, 822.7814531786789], [0.0, 1077.033935546875, 532.1608032280565], [0.0, 0.0, 1.0]]
projection_mat = [[1236.8443794743175, -246.50139214484625, -26.34327164115779, 2809.9070591982772], [391.19829520519716, 303.58011557401704, -1094.5319858545975, 2108.3676975545977], [0.7872162461280823, 0.6157358288764954, -0.03405839204788208, 1.5293735265731812]]
extrinsic_mat = [[0.6161394715309143, -0.7876351475715637, 0.0017563111614435911, 1.6226800680160522], [-0.025744160637259483, -0.022367315366864204, -0.999418318271637, 1.2019073963165283], [0.7872162461280823, 0.6157358288764954, -0.03405839204788208, 1.5293735265731812]]

