[Camera]
Brightness = 200
ExposureAuto = Off
ExposureTimeAbs = 5
GainAuto = Off
Gain = 120
BalanceWhiteAuto = Off
BalanceRatioRed = 110
BalanceRatioBlue = 157

[Other]
ks = [[1235.057507552043, 0.0, 762.6318057740573], [0.0, 1235.887521219294, 554.1490296341883], [0.0, 0.0, 1.0]]
poses = [[0.8387989481440912, -0.07076288766070182, 0.5398230620511548], [-0.5459140911805166, -0.19514370257372704, 0.8147985888527096], [0.047685570054266435, -0.9781492155968827, -0.20231678996238678]]
eye = [[-1.9293525949993544, -0.4953866645694176, 1.7181745409794311]]
hmtx = [[-0.006537826037533173, 0.008289686639844663, -2.4142487331768856], [0.0039120687953382, 0.003502966704182092, -10.867608150671563], [0.00020473275993486325, -0.004038883624049885, 1.0]]
dist = [[-0.5174073649660939, 0.3434369569637, 0.00017737728144079067, 0.0012798953431086466, -0.14252643754041577]]
newcameramtx = [[1126.16748046875, 0.0, 695.3936597856518], [0.0, 1170.9736328125, 525.0428597863356], [0.0, 0.0, 1.0]]
projection_mat = [[1318.5284444408996, -96.57390939448703, -63.10148867431616, 2472.542900184454], [229.49334776839004, 170.10937823246417, -1251.0974482267889, 2489.6852046376166], [0.575477123260498, 0.7913150787353516, -0.20651035010814667, 1.741881251335144]]
extrinsic_mat = [[0.8154606819152832, -0.5743811726570129, 0.07148537039756775, 1.1199486255645752], [-0.06204820051789284, -0.2095392644405365, -0.975829541683197, 1.345139503479004], [0.575477123260498, 0.7913150787353516, -0.20651035010814667, 1.741881251335144]]

